Incoming...


Mangled: 
[54, 158, 210, 108, 250, 24, 82, 12, 90, 93, 123, 192, 23, 162, 82, 89, 201, 130, 13, 18, 7, 198, 213, 228, 138, 243, 212, 62, 80, 118, 87, 170]


Flag: 
[96, 222, 148, 50, 199, 45, 43, 103, 51, 59, 23, 218, 119, 254, 15, 44, 169, 30, 88, 125, 113, 166, 167, 151, 251, 179, 169, 86, 35, 23, 116, 212]


Zipped: 
[[170, 212], [87, 116], [118, 23], [80, 35], [62, 86], [212, 169], [243, 179], [138, 251], [228, 151], [213, 167], [198, 166], [7, 113], [18, 125], [13, 88], [130, 30], [201, 169], [89, 44], [82, 15], [162, 254], [23, 119], [192, 218], [123, 23], [93, 59], [90, 51], [12, 103], [82, 43], [24, 45], [250, 199], [108, 50], [210, 148], [158, 222], [54, 96]]


[78, 72, 94, 86, 53, 61, 97, 99, 97, 110, 100, 98, 120, 100, 69, 125, 104, 100, 93, 119, 143, 24, 106, 75, 121, 88, 101, 96, 107, 121, 59, 118]
